book_id
110
135
1496
2149
3775
2527
3282
1995
188
165
6497
3598
4708
6356
3054
3978
5344
4874
5714
3333
1294
2482
5216
3019
5068
3761
1656
6331
7883
2968
3230
7407
6738
3745
2102
3850
5134
3996
7660
3941
4070
4247
6083
1882
1487
9092
6058
913
3929
4636
2480
2872
3111
8159
3541
1485
6817
7541
1422
4510
4806
16
2942
5605
3584
4029
6981
4013
1761
3989
5405
1102
9393
3293
1687
9478
8393
3635
5358
3139
4219
3717
1345
8694
4026
5395
1729
844
1315
3403
6279
3814
3367
3960
4290
2932
6123
8937
8982
1866
