book_id
4048
3517
3801
2773
3622
4923
2261
2568
336
1858
1379
5834
4892
6486
1763
5164
4095
3112
6638
302
5692
2012
2779
1959
6694
203
1746
6159
1673
4185
8603
8391
156
4490
7007
5466
6415
5555
6176
3879
9089
6001
7973
7224
1559
9713
2562
3422
5888
6983
1983
3426
8834
9314
7163
3649
1871
9035
4037
7938
2276
4312
4466
2354
3098
1219
3053
3260
2981
2398
5530
3040
4648
6099
7956
6464
9269
5850
5832
2699
6303
1981
6580
4626
9351
3066
8070
7184
1821
1612
4365
2746
3223
2580
3394
2502
4409
5894
1260
1534
