user_id
22534
29261
3174
43378
7005
30012
21215
3877
6396
47680
27783
20446
50650
1634
27832
50158
3955
421
32269
18115
44187
32743
33065
12203
50859
39106
24396
23472
52214
8305
39779
2713
5711
42776
11848
18782
13502
32735
10665
18361
7253
5923
25968
7226
47135
5823
18631
48382
35157
28464
42898
15254
5090
33375
5236
26208
41864
134
5076
17609
26910
31852
53255
3436
44397
4280
39810
1586
17843
23406
11382
14388
5380
13723
24009
12909
11292
20917
26368
42548
30702
39379
24379
39932
49040
1097
2313
39279
1344
10535
47457
37631
15642
24586
23680
15880
1815
34630
32505
12120
