user_id
16130
11608
1197
5812
5167
400
1638
43293
33871
23406
33158
7723
8786
33120
37441
47675
13520
31891
36608
42097
9927
53209
26083
22015
12681
3824
43750
38687
20547
15259
2624
27612
11312
40103
14651
19308
12419
15518
20715
41053
46279
13699
3005
21523
18915
19599
6651
40940
28945
4074
18308
2412
26239
48613
16829
53281
25823
27195
12904
10140
41337
15312
16424
6669
40065
11147
30010
13647
26148
52604
52229
11089
3492
51520
34912
47475
15851
9286
36588
35650
5433
22064
7916
33408
50837
16303
17772
32923
5732
1481
7678
2738
7301
29225
25565
30496
1952
26142
20963
8699
