user_id
41205
49136
46651
43320
29964
29275
14658
4773
38498
276
10920
34419
13492
24774
3617
13882
25650
43561
49603
28213
47650
22377
10187
52303
33409
8983
34550
23411
11444
34638
17966
33457
22789
32761
46826
26313
20295
17497
40781
45566
38871
20620
52539
37541
24596
22301
41527
11579
7791
8574
20940
51501
46818
49808
39162
28535
38742
52408
38909
379
1454
23320
30839
18536
45231
14742
8915
13301
20394
53285
15327
7054
20145
4814
21454
17172
10245
23367
19675
52534
14866
13131
42528
52043
50575
25898
33107
49747
22002
46179
28877
31875
31555
38030
43742
7834
2925
18230
3916
530
