user_id
2302
18783
6903
39111
33596
10885
27187
3650
42307
23585
37488
51655
39811
40358
2208
3215
42093
39156
10958
2746
214
23268
23722
22717
29368
41187
36302
44623
22291
25314
1070
3428
41324
49994
40581
48581
15717
35379
34353
2025
30984
23500
12768
11213
41398
17447
26929
50999
19421
36816
4380
13688
1339
33783
14543
32324
34764
10227
3057
2381
11651
30774
29408
13652
35977
36450
14518
24345
8005
32822
35264
29690
5286
29412
42957
7284
2262
8876
1421
5049
24137
34532
36206
9739
3326
21231
17543
52679
5979
15164
2407
51504
23339
52521
40846
22679
17432
7399
25614
28406
