user_id
10261
1912
11521
21059
7306
5068
15813
5243
10530
30769
795
12002
3892
5336
27908
5912
6252
366
30307
26797
16522
1408
39530
17678
10548
35301
29842
11285
6326
8189
15935
47532
37834
36633
35608
38315
13794
45575
23636
52725
9971
48915
39259
29888
21640
41871
36477
8541
30048
47949
7591
39763
34639
3898
23385
2663
34977
30825
52268
11644
21989
52024
209
26041
15783
27131
8313
30760
8809
12840
29819
8846
39520
14669
20584
31636
50425
4752
41357
47632
52478
5831
10242
44083
29409
26320
8003
5827
39988
52051
1613
37033
33662
5176
18868
26750
34981
18280
15501
2019
