user_id
48636
24543
35574
5502
16745
19157
6416
2330
18281
9671
51718
8960
551
9269
4638
47676
37181
20529
18355
12735
10671
13838
50888
49330
47564
20374
2729
3034
33894
5312
7046
23615
22172
33538
10287
12787
48506
14787
107
2167
7762
10768
25665
23493
10138
2656
18812
2358
41011
15065
30182
12086
20599
9014
9751
36215
31736
30157
45896
7763
43064
49579
13475
6384
27373
52442
21992
44534
32193
9344
47416
3564
9317
15100
27945
34050
14934
27018
7328
12934
27346
43884
32523
41621
23107
20650
26110
11081
26124
10707
4642
29531
7615
2799
12049
44704
3348
45502
34849
1105
