user_id
53234
50280
1821
2557
18751
2007
41618
33814
419
50035
52729
16530
24005
4055
6805
18062
12794
35312
40890
7029
7283
39533
14071
35300
38663
35437
475
30391
51588
36056
4463
7291
20432
243
33190
8158
29495
33354
2381
23524
20805
36730
3109
12925
43588
11301
22542
50705
46169
69
46077
52392
26423
41678
472
41248
49574
43319
41162
40927
16491
685
22508
9625
51823
18480
30108
17144
9393
47961
40137
24164
4232
41840
37122
43082
1907
18966
5776
23838
16061
10463
2756
18493
35406
53313
29062
30155
1177
28364
50261
15341
36190
33819
26334
12461
1066
224
47496
26818
