user_id
33768
23688
18217
3273
3610
20134
5342
13472
15274
40110
20408
8883
50262
357
18240
9856
13202
19676
26877
46412
9691
40999
13215
11644
22073
33045
961
5636
2991
6732
16605
19981
29227
33418
3922
47467
3386
10453
1206
1595
41354
16731
33500
18242
45993
17868
18374
30359
10346
13904
18388
24293
51995
23375
11735
46689
45414
48091
13190
1076
7815
6684
8639
31663
31006
48720
36
17198
22782
8431
39205
24151
4690
52536
40773
17258
35315
3987
18550
51762
22094
25474
41926
15206
23799
37785
49103
8491
34327
11490
8675
52252
40003
14372
52607
44651
23188
274
37728
12559
