user_id
1969
19310
7533
18209
38953
40598
49736
41919
5674
16657
34708
9182
1406
32024
41976
31750
8975
2141
9218
6478
28191
8489
47842
404
38722
36324
52651
29636
1786
31055
19898
12262
28871
52715
5001
51194
19948
12114
46075
35897
32338
23344
4964
9480
48439
4354
7165
11651
36957
14333
27610
15581
24927
48934
11621
49712
51542
13213
2245
41820
42116
51634
38338
52
23838
13593
39586
42507
13092
2034
35359
49536
41591
26478
50001
16518
45543
26546
3478
49606
49465
36807
29599
24852
10375
16093
48408
214
21701
37186
33565
11302
29219
212
30078
46628
26794
44737
8544
36248
