user_id
25845
10781
7422
34755
275
14589
566
30578
3092
26236
476
5790
20673
3246
1296
8144
5113
18088
20160
5924
3005
18826
34189
37036
27484
4290
1549
3436
1991
51199
223
6514
48871
10711
24050
35868
35925
22764
7116
30495
12811
3762
27491
28485
39399
6804
9108
20967
2571
991
25708
24040
13341
20963
7580
24035
13240
43393
8159
916
616
13732
13479
31857
16949
5685
706
22534
11154
50650
19071
2014
8618
22293
28125
2526
19300
26081
684
15542
8909
46585
30012
48389
43452
29644
1811
38740
18922
43395
8545
39779
6214
868
51311
20580
1772
1494
43400
27612
